[0. 0. 0. 0. 0. 0. 0. 0. 0.]

[3.236205e+06 8.004150e+06 4.246074e+06 8.731030e+05 6.016430e+05
 5.475470e+05 4.675440e+05 3.026800e+04 2.926000e+03]

[6.041730e+06 1.504629e+07 8.017761e+06 1.652992e+06 1.234067e+06
 9.567470e+05 8.879640e+05 5.786800e+04 4.741000e+03]

[8.4698790e+06 2.1222978e+07 1.1355234e+07 2.3471510e+06 1.8700780e+06
 1.2649230e+06 1.2644280e+06 8.2948000e+04 6.3570000e+03]

[1.0567719e+07 2.6622510e+07 1.4296362e+07 2.9626440e+06 2.4906780e+06
 1.5021440e+06 1.5999960e+06 1.0565200e+05 7.7830000e+03]

[1.2403107e+07 3.1344681e+07 1.6878342e+07 3.5064970e+06 3.0362630e+06
 1.6914030e+06 1.8976200e+06 1.2612000e+05 9.0280000e+03]

[1.3991916e+07 3.5450352e+07 1.9133847e+07 3.9847670e+06 3.5346130e+06
 1.8495560e+06 2.1601440e+06 1.4448800e+05 1.0197000e+04]

[1.5364506e+07 3.9006423e+07 2.1094467e+07 4.4033670e+06 3.9851820e+06
 1.9885070e+06 2.3903040e+06 1.6088800e+05 1.1296000e+04]

[1.6547202e+07 4.2074454e+07 2.2789902e+07 4.7678770e+06 4.3899950e+06
 2.1160580e+06 2.5907280e+06 1.7544800e+05 1.2328000e+04]

[1.7548071e+07 4.4701074e+07 2.4247962e+07 5.0835440e+06 4.7774620e+06
 2.2366790e+06 2.7639360e+06 1.8829200e+05 1.3426000e+04]

[1.8433689e+07 4.6988688e+07 2.5502505e+07 5.3570530e+06 5.0451950e+06
 2.3533640e+06 2.9123400e+06 1.9954000e+05 1.3858000e+04]

[1.9210530e+07 4.8968016e+07 2.6574918e+07 5.5924240e+06 5.2287020e+06
 2.4661190e+06 3.0382440e+06 2.0930800e+05 1.4359000e+04]

[1.9886580e+07 5.0669850e+07 2.7485508e+07 5.7935050e+06 5.3541320e+06
 2.5749500e+06 3.1438440e+06 2.1770800e+05 1.4923000e+04]

[2.046135e+07 5.211360e+07 2.825187e+07 5.963590e+06 5.461730e+06
 2.679938e+06 3.231228e+06 2.248480e+05 1.546900e+04]

[2.0986140e+07 5.3299400e+07 2.8824904e+07 6.0533160e+06 5.5554600e+06
 2.9285720e+06 3.2746560e+06 2.2484800e+05 1.7008000e+04]

[2.1424150e+07 5.4303340e+07 2.9314147e+07 6.1304720e+06 5.6493760e+06
 3.1125560e+06 3.3122430e+06 2.2484800e+05 1.7956000e+04]

[2.1787858e+07 5.5147444e+07 2.9728625e+07 6.1963380e+06 5.7390950e+06
 3.2493730e+06 3.3445140e+06 2.2484800e+05 1.8785000e+04]

[2.2088118e+07 5.5851636e+07 3.0076755e+07 6.2521100e+06 5.8220750e+06
 3.3530260e+06 3.3719700e+06 2.2484800e+05 1.9502000e+04]

[2.2337030e+07 5.6435512e+07 3.0366481e+07 6.2989220e+06 5.8928150e+06
 3.4341340e+06 3.3950880e+06 2.2484800e+05 2.0114000e+04]

[2.2540184e+07 5.6914160e+07 3.0605036e+07 6.3378020e+06 5.9550730e+06
 3.5004150e+06 3.4143210e+06 2.2484800e+05 2.0673000e+04]

[2.2704754e+07 5.7302648e+07 3.0799201e+07 6.3697220e+06 6.0089750e+06
 3.5572740e+06 3.4300980e+06 2.2484800e+05 2.1184000e+04]

[2.2836980e+07 5.7614656e+07 3.0955221e+07 6.3955820e+06 6.0550010e+06
 3.6082230e+06 3.4428240e+06 2.2484800e+05 2.1650000e+04]

[2.2940170e+07 5.7861028e+07 3.1078805e+07 6.4162100e+06 6.0974310e+06
 3.6552510e+06 3.4528800e+06 2.2484800e+05 2.2137000e+04]

[2.3025054e+07 5.8059248e+07 3.1176204e+07 6.4325440e+06 6.1232550e+06
 3.6996740e+06 3.4606230e+06 2.2484800e+05 2.2330000e+04]

[2.3093570e+07 5.8216068e+07 3.1251584e+07 6.4451920e+06 6.1388260e+06
 3.7414960e+06 3.4663860e+06 2.2484800e+05 2.2550000e+04]

[2.314788e+07 5.833800e+07 3.130876e+07 6.454718e+06 6.148332e+06
 3.780721e+06 3.470478e+06 2.248480e+05 2.279300e+04]

[2.318953e+07 5.843040e+07 3.135106e+07 6.461620e+06 6.155710e+06
 3.817384e+06 3.473184e+06 2.248480e+05 2.302400e+04]

[2.3218685e+07 5.8484300e+07 3.1373306e+07 6.4616200e+06 6.1605190e+06
 3.8837800e+06 3.4731840e+06 2.2484800e+05 2.3618000e+04]

[2.3241210e+07 5.8526440e+07 3.1390779e+07 6.4616200e+06 6.1648960e+06
 3.9315010e+06 3.4731840e+06 2.2484800e+05 2.3978000e+04]

[2.3258285e+07 5.8558683e+07 3.1404201e+07 6.4616200e+06 6.1686510e+06
 3.9656510e+06 3.4731840e+06 2.2484800e+05 2.4280000e+04]

[2.3270915e+07 5.8582688e+07 3.1414233e+07 6.4616200e+06 6.1717480e+06
 3.9902510e+06 3.4731840e+06 2.2484800e+05 2.4529000e+04]

[2.3279979e+07 5.8599942e+07 3.1421481e+07 6.4616200e+06 6.1742180e+06
 4.0082780e+06 3.4731840e+06 2.2484800e+05 2.4730000e+04]

[2.3286168e+07 5.8611792e+07 3.1426496e+07 6.4616200e+06 6.1761890e+06
 4.0218420e+06 3.4731840e+06 2.2484800e+05 2.4901000e+04]

[2.3290158e+07 5.8619462e+07 3.1429771e+07 6.4616200e+06 6.1776990e+06
 4.0323840e+06 3.4731840e+06 2.2484800e+05 2.5046000e+04]

[2.3292534e+07 5.8624032e+07 3.1431741e+07 6.4616200e+06 6.1787930e+06
 4.0408160e+06 3.4731840e+06 2.2484800e+05 2.5168000e+04]

[2.3293707e+07 5.8626368e+07 3.1432783e+07 6.4616200e+06 6.1796760e+06
 4.0476370e+06 3.4731840e+06 2.2484800e+05 2.5289000e+04]

[2.3294279e+07 5.8627464e+07 3.1433258e+07 6.4616200e+06 6.1799640e+06
 4.0531650e+06 3.4731840e+06 2.2484800e+05 2.5338000e+04]

[2.329446e+07 5.862780e+07 3.143340e+07 6.461620e+06 6.180020e+06
 4.057402e+06 3.473184e+06 2.248480e+05 2.539100e+04]

[2.329446e+07 5.862780e+07 3.143340e+07 6.461620e+06 6.180020e+06
 4.060350e+06 3.473184e+06 2.248480e+05 2.544600e+04]

[2.329446e+07 5.862780e+07 3.143340e+07 6.461620e+06 6.180020e+06
 4.062017e+06 3.473184e+06 2.248480e+05 2.549500e+04]

[2.329446e+07 5.862780e+07 3.143340e+07 6.461620e+06 6.180020e+06
 4.062850e+06 3.473184e+06 2.248480e+05 2.558600e+04]

[2.329446e+07 5.862780e+07 3.143340e+07 6.461620e+06 6.180020e+06
 4.063261e+06 3.473184e+06 2.248480e+05 2.563700e+04]

[2.329446e+07 5.862780e+07 3.143340e+07 6.461620e+06 6.180020e+06
 4.063436e+06 3.473184e+06 2.248480e+05 2.567200e+04]

[2.329446e+07 5.862780e+07 3.143340e+07 6.461620e+06 6.180020e+06
 4.063498e+06 3.473184e+06 2.248480e+05 2.569400e+04]

[2.329446e+07 5.862780e+07 3.143340e+07 6.461620e+06 6.180020e+06
 4.063514e+06 3.473184e+06 2.248480e+05 2.570600e+04]

[2.329446e+07 5.862780e+07 3.143340e+07 6.461620e+06 6.180020e+06
 4.063516e+06 3.473184e+06 2.248480e+05 2.571100e+04]

[2.329446e+07 5.862780e+07 3.143340e+07 6.461620e+06 6.180020e+06
 4.063516e+06 3.473184e+06 2.248480e+05 2.571200e+04]

[2.329446e+07 5.862780e+07 3.143340e+07 6.461620e+06 6.180020e+06
 4.063516e+06 3.473184e+06 2.248480e+05 2.571200e+04]

[2.329446e+07 5.862780e+07 3.143340e+07 6.461620e+06 6.180020e+06
 4.063516e+06 3.473184e+06 2.248480e+05 2.571200e+04]

[2.329446e+07 5.862780e+07 3.143340e+07 6.461620e+06 6.180020e+06
 4.063516e+06 3.473184e+06 2.248480e+05 2.571200e+04]

[2.329446e+07 5.862780e+07 3.143340e+07 6.461620e+06 6.180020e+06
 4.063516e+06 3.473184e+06 2.248480e+05 2.571200e+04]

[2.329446e+07 5.862780e+07 3.143340e+07 6.461620e+06 6.180020e+06
 4.063516e+06 3.473184e+06 2.248480e+05 2.571200e+04]

